Acceleration,Cylinders,Displacement,Horsepower,Model_Year,Weight,Origin,MPG
13.0,4,135.0,84.0,82,2370,USA    ,36.0
18.0,4,112.0,88.0,82,2395,USA    ,34.0
10.5,8,302.0,140.0,70,3449,USA    ,17.0
13.5,8,318.0,150.0,72,4135,USA    ,15.0
14.2,4,90.0,70.0,76,1937,Germany,29.0
11.5,8,304.0,150.0,73,3672,USA    ,14.0
11.4,8,350.0,170.0,77,4165,USA    ,15.5
15.8,6,231.0,105.0,78,3380,USA    ,20.6
9.5,8,400.0,230.0,73,4278,USA    ,16.0
10.0,8,455.0,225.0,70,4425,USA    ,14.0
17.4,8,350.0,125.0,79,3900,USA    ,23.0
11.0,8,360.0,175.0,73,3821,USA    ,13.0
21.0,4,97.0,46.0,73,1950,Germany,26.0
16.4,4,86.0,64.0,81,1875,USA    ,39.0
16.8,4,85.0,70.0,77,1945,Japan  ,33.5
16.0,8,302.0,140.0,74,4638,USA    ,14.0
14.4,4,107.0,75.0,81,2210,Japan  ,33.7
13.0,8,305.0,140.0,76,4215,USA    ,17.5
14.0,4,114.0,91.0,73,2582,Germany,20.0
17.5,4,91.0,53.0,75,1795,Japan  ,33.0
18.6,4,85.0,70.0,78,2070,Japan  ,39.4
14.5,4,121.0,112.0,72,2933,Sweden ,18.0
16.0,8,302.0,140.0,72,4294,USA    ,13.0
13.0,8,351.0,158.0,73,4363,USA    ,13.0
17.7,6,225.0,100.0,77,3630,USA    ,19.0
17.9,4,86.0,65.0,80,2110,Japan  ,46.6
14.5,4,97.0,78.0,77,1940,Germany,29.0
15.3,4,89.0,62.0,80,1845,Germany,29.8
16.7,4,156.0,105.0,78,2745,USA    ,23.2
16.2,4,98.0,65.0,81,2045,USA    ,34.4
19.0,8,260.0,110.0,77,4060,USA    ,17.0
12.0,8,302.0,129.0,75,3169,USA    ,13.0
14.5,4,97.0,88.0,70,2130,Japan  ,27.0
11.3,6,173.0,115.0,79,2595,USA    ,28.8
15.3,4,105.0,74.0,82,1980,Germany,36.0
13.5,4,134.0,96.0,75,2702,Japan  ,24.0
17.0,4,97.5,80.0,72,2126,USA    ,25.0
13.7,8,318.0,140.0,78,4080,USA    ,17.5
18.3,4,120.0,74.0,81,2635,Japan  ,31.6
22.1,4,98.0,60.0,76,2164,USA    ,24.5
17.3,4,98.0,70.0,82,2125,USA    ,36.0
18.5,4,98.0,68.0,77,2045,Japan  ,31.5
19.5,4,140.0,90.0,72,2408,USA    ,20.0
21.0,4,71.0,65.0,74,1836,Japan  ,32.0
15.5,4,113.0,95.0,72,2278,Japan  ,24.0
13.5,8,350.0,160.0,72,4456,USA    ,12.0
15.5,6,199.0,97.0,70,2774,USA    ,18.0
16.0,6,198.0,95.0,73,2904,USA    ,23.0
15.5,6,232.0,100.0,71,3288,USA    ,18.0
11.4,6,168.0,132.0,80,2910,Japan  ,32.7
19.0,4,140.0,72.0,71,2408,USA    ,22.0
14.5,6,146.0,97.0,77,2815,Japan  ,22.0
16.2,4,112.0,85.0,82,2575,USA    ,31.0
19.6,6,145.0,76.0,81,3160,Sweden ,30.7
17.3,4,140.0,88.0,79,2890,USA    ,22.3
17.8,4,97.0,67.0,81,2065,Japan  ,32.3
16.5,4,108.0,94.0,73,2379,Japan  ,22.0
12.5,8,304.0,150.0,72,3892,USA    ,15.0
16.0,6,232.0,100.0,74,2901,USA    ,19.0
15.8,6,200.0,85.0,78,2965,USA    ,20.2
21.0,6,231.0,110.0,75,3907,USA    ,17.0
17.0,6,232.0,90.0,75,3211,USA    ,19.0
14.5,4,107.0,90.0,70,2430,Germany,24.0
15.2,4,108.0,75.0,80,2265,Japan  ,32.2
22.2,4,85.0,52.0,76,2035,USA    ,29.0
12.9,6,173.0,115.0,79,2700,USA    ,26.8
12.5,8,400.0,167.0,73,4906,USA    ,12.0
12.2,4,97.0,71.0,76,1825,Germany,29.5
21.8,4,146.0,67.0,80,3250,Germany,30.0
16.4,4,151.0,84.0,81,2635,USA    ,26.6
15.0,6,199.0,90.0,70,2648,USA    ,21.0
16.0,6,250.0,105.0,75,3459,USA    ,18.0
14.7,6,232.0,112.0,82,2835,USA    ,22.0
14.0,4,113.0,95.0,71,2228,Japan  ,25.0
17.0,4,119.0,97.0,75,2545,Japan  ,24.0
18.0,4,151.0,90.0,82,2735,USA    ,27.0
17.3,4,89.0,62.0,81,2050,Japan  ,37.7
14.0,4,122.0,86.0,71,2220,USA    ,23.0
11.2,8,302.0,139.0,78,3205,USA    ,18.1
11.5,8,350.0,165.0,70,3693,USA    ,15.0
12.5,3,70.0,100.0,80,2420,Japan  ,23.7
19.0,6,258.0,110.0,75,3730,USA    ,15.0
8.5,8,440.0,215.0,70,4312,USA    ,14.0
17.0,6,250.0,100.0,74,3336,USA    ,15.0
14.0,8,400.0,150.0,73,4997,USA    ,11.0
18.2,4,91.0,68.0,82,2025,Japan  ,37.0
17.5,4,120.0,75.0,80,2542,Japan  ,31.3
21.0,6,250.0,72.0,75,3432,USA    ,15.0
19.4,4,85.0,65.0,81,1975,Japan  ,37.0
13.4,8,302.0,129.0,79,3725,USA    ,17.6
15.8,4,140.0,89.0,77,2755,USA    ,25.5
15.1,4,122.0,88.0,80,2500,England,35.0
13.0,8,350.0,145.0,73,4082,USA    ,15.0
21.0,6,250.0,78.0,76,3574,USA    ,18.0
15.7,4,135.0,84.0,81,2490,USA    ,27.2
14.2,4,134.0,95.0,78,2560,Japan  ,27.5
13.0,8,360.0,150.0,79,3940,USA    ,18.5
12.6,6,173.0,110.0,81,2725,USA    ,23.5
16.0,6,232.0,100.0,73,2945,USA    ,18.0
15.0,6,250.0,100.0,71,3282,USA    ,19.0
18.7,6,225.0,110.0,78,3620,USA    ,18.6
15.7,4,91.0,67.0,82,1965,Japan  ,32.0
11.0,8,318.0,150.0,70,3436,USA    ,18.0
12.9,4,135.0,84.0,81,2385,USA    ,30.0
18.2,6,200.0,95.0,78,3155,USA    ,20.5
15.4,6,225.0,100.0,76,3233,USA    ,22.0
16.5,6,250.0,88.0,73,3021,USA    ,18.0
16.0,4,151.0,88.0,77,2740,USA    ,24.5
14.5,8,318.0,150.0,73,4237,USA    ,14.0
14.5,8,318.0,150.0,75,4498,USA    ,16.0
17.5,4,110.0,87.0,70,2672,France ,25.0
14.5,4,120.0,88.0,82,2160,Japan  ,36.0
20.4,4,141.0,80.0,81,3230,France ,28.1
16.4,6,181.0,110.0,82,2945,USA    ,25.0
18.8,4,89.0,60.0,80,1968,Japan  ,38.1
13.2,4,151.0,90.0,79,2556,USA    ,33.5
15.4,6,231.0,115.0,79,3245,USA    ,21.5
16.4,4,140.0,92.0,82,2865,USA    ,24.0
22.2,8,260.0,90.0,79,3420,USA    ,23.9
15.5,4,140.0,90.0,71,2264,USA    ,28.0
13.2,8,318.0,140.0,78,3735,USA    ,19.4
19.0,8,350.0,105.0,81,3725,USA    ,26.6
17.0,4,140.0,83.0,75,2639,USA    ,23.0
13.2,8,318.0,150.0,76,3940,USA    ,13.0
17.0,4,107.0,72.0,80,2290,Japan  ,32.4
15.0,4,121.0,80.0,79,2670,USA    ,27.4
16.0,6,225.0,95.0,75,3264,USA    ,19.0
15.0,8,302.0,130.0,76,3870,USA    ,13.0
13.7,8,318.0,145.0,77,4140,USA    ,15.5
13.5,3,80.0,110.0,77,2720,Japan  ,21.5
16.0,6,232.0,100.0,75,2914,USA    ,20.0
16.0,4,122.0,86.0,72,2395,USA    ,22.0
14.5,8,350.0,150.0,74,4699,USA    ,13.0
15.5,6,250.0,88.0,71,3302,USA    ,19.0
16.5,4,98.0,83.0,74,2219,Germany,29.0
18.5,8,304.0,193.0,70,4732,USA    ,9.0
13.8,6,146.0,120.0,81,2930,Japan  ,24.2
24.6,4,97.0,52.0,82,2130,Germany,44.0
14.5,4,97.0,78.0,74,2300,Germany,26.0
11.6,4,135.0,84.0,82,2295,USA    ,32.0
12.0,8,307.0,130.0,70,3504,USA    ,18.0
18.6,4,79.0,58.0,77,1825,France ,36.0
10.0,8,455.0,225.0,70,3086,USA    ,14.0
16.0,4,151.0,90.0,79,2670,USA    ,28.4
14.5,4,156.0,92.0,82,2585,USA    ,26.0
15.4,8,305.0,130.0,79,3840,USA    ,17.0
15.5,6,198.0,95.0,70,2833,USA    ,22.0
17.6,6,232.0,90.0,76,3085,USA    ,22.5
14.0,4,121.0,110.0,73,2660,Sweden ,24.0
14.8,4,134.0,95.0,78,2515,Japan  ,21.1
17.5,4,104.0,95.0,70,2375,Sweden ,25.0
9.0,8,454.0,220.0,70,4354,USA    ,14.0
14.9,8,302.0,130.0,77,4295,USA    ,15.0
15.6,4,140.0,86.0,82,2790,USA    ,27.0
13.2,8,305.0,145.0,78,3425,USA    ,19.2
15.5,4,90.0,75.0,74,2108,Italy  ,24.0
14.0,8,318.0,150.0,76,3755,USA    ,13.0
17.0,6,262.0,85.0,82,3015,USA    ,38.0
13.6,6,163.0,125.0,78,3140,Sweden ,17.0
21.5,4,90.0,48.0,78,1985,Germany,43.1
15.5,4,116.0,75.0,73,2158,Germany,24.0
14.7,4,98.0,76.0,80,2144,Germany,41.5
12.2,8,400.0,190.0,77,4325,USA    ,15.5
16.4,4,86.0,65.0,80,2019,Japan  ,37.2
13.5,3,70.0,90.0,73,2124,Japan  ,18.0
19.0,6,250.0,98.0,77,3525,USA    ,18.5
19.5,6,250.0,72.0,75,3158,USA    ,15.0
16.6,6,225.0,110.0,79,3360,USA    ,20.6
19.0,6,225.0,95.0,75,3785,USA    ,18.0
15.0,8,267.0,125.0,79,3605,USA    ,19.2
10.0,8,383.0,170.0,70,3563,USA    ,15.0
14.5,8,351.0,149.0,77,4335,USA    ,16.0
15.3,4,101.0,83.0,76,2202,France ,27.0
16.5,4,151.0,90.0,80,2678,USA    ,28.0
14.5,6,171.0,97.0,75,2984,USA    ,18.0
17.0,4,85.0,70.0,76,1990,Japan  ,32.0
11.0,8,440.0,215.0,73,4735,USA    ,13.0
17.1,6,200.0,88.0,81,3060,USA    ,20.2
14.1,4,97.0,78.0,77,2190,Germany,30.5
12.0,8,350.0,165.0,71,4209,USA    ,14.0
15.4,4,140.0,88.0,78,2720,USA    ,25.1
15.5,6,225.0,105.0,71,3439,USA    ,16.0
13.0,8,351.0,153.0,72,4129,USA    ,14.0
12.0,8,400.0,175.0,71,5140,USA    ,13.0
16.8,4,108.0,75.0,81,2350,Japan  ,32.4
14.9,4,119.0,97.0,78,2405,Japan  ,23.9
17.4,4,91.0,53.0,76,1795,Japan  ,33.0
21.7,4,90.0,48.0,80,2085,Germany,44.3
17.7,6,225.0,100.0,76,3651,USA    ,20.0
11.5,8,400.0,170.0,75,4668,USA    ,16.0
14.8,4,119.0,100.0,81,2615,Japan  ,32.9
14.5,8,302.0,137.0,73,4042,USA    ,14.0
14.9,4,105.0,63.0,81,2215,USA    ,34.7
9.5,8,400.0,150.0,70,3761,USA    ,15.0
13.0,8,318.0,150.0,76,4190,USA    ,16.0
15.0,4,98.0,80.0,72,2164,USA    ,28.0
19.2,4,85.0,65.0,79,2020,Japan  ,31.8
16.9,4,108.0,70.0,82,2245,Japan  ,34.0
16.5,4,97.0,88.0,72,2100,Japan  ,27.0
16.5,4,98.0,68.0,78,2155,USA    ,30.0
20.5,4,91.0,70.0,71,1955,USA    ,26.0
19.0,4,97.0,88.0,73,2279,Japan  ,20.0
15.5,6,156.0,108.0,76,2930,Japan  ,19.0
12.0,8,350.0,165.0,72,4274,USA    ,13.0
18.2,6,232.0,90.0,79,3265,USA    ,20.2
20.1,5,183.0,77.0,79,3530,Germany,25.4
14.0,4,116.0,90.0,71,2123,Germany,28.0
15.5,4,107.0,86.0,76,2464,Italy  ,28.0
11.0,8,318.0,150.0,73,3399,USA    ,15.0
13.2,8,351.0,138.0,79,3955,USA    ,16.5
15.5,4,98.0,90.0,73,2265,Italy  ,26.0
15.0,4,119.0,92.0,80,2434,Japan  ,37.0
12.0,8,400.0,170.0,71,4746,USA    ,13.0
14.4,4,156.0,105.0,80,2800,USA    ,27.9
13.5,8,262.0,110.0,75,3221,USA    ,20.0
14.7,4,119.0,97.0,78,2300,Japan  ,27.2
15.5,6,250.0,100.0,71,3329,USA    ,17.0
15.7,4,130.0,102.0,76,3150,Sweden ,20.0
14.0,4,116.0,75.0,74,2246,Italy  ,26.0
17.0,4,97.0,92.0,72,2288,Japan  ,28.0
16.2,4,91.0,67.0,82,1995,Japan  ,38.0
14.4,4,98.0,80.0,79,1915,USA    ,35.7
13.0,8,350.0,175.0,73,4100,USA    ,13.0
16.0,4,91.0,68.0,81,1985,Japan  ,34.1
18.0,4,72.0,69.0,71,1613,Japan  ,35.0
13.2,4,105.0,70.0,79,2200,USA    ,34.2
15.0,8,307.0,200.0,70,4376,USA    ,10.0
20.7,4,98.0,65.0,81,2380,USA    ,29.9
13.5,8,351.0,153.0,71,4154,USA    ,14.0
19.4,4,78.0,52.0,78,1985,Japan  ,32.8
15.0,4,91.0,67.0,82,1965,Japan  ,38.0
12.5,8,400.0,190.0,72,4422,USA    ,13.0
12.5,8,350.0,180.0,73,4499,USA    ,12.0
17.0,4,140.0,75.0,74,2542,USA    ,25.0
15.2,8,318.0,135.0,79,3830,USA    ,18.2
16.0,4,79.0,67.0,74,2000,Italy  ,31.0
14.5,4,105.0,75.0,78,2230,USA    ,30.9
20.1,4,151.0,90.0,80,3003,USA    ,24.3
13.5,6,258.0,110.0,71,2962,USA    ,18.0
17.2,6,232.0,90.0,78,3210,USA    ,19.4
14.8,4,111.0,80.0,77,2155,USA    ,30.0
14.4,4,98.0,66.0,78,1800,USA    ,36.1
12.6,6,168.0,116.0,81,2900,Japan  ,25.4
13.5,3,70.0,97.0,72,2330,Japan  ,19.0
17.6,4,91.0,68.0,82,1970,Japan  ,31.0
19.5,4,140.0,72.0,73,2401,USA    ,21.0
11.5,8,304.0,150.0,72,3672,USA    ,17.0
14.0,6,155.0,107.0,73,2472,USA    ,21.0
18.1,4,140.0,88.0,80,2870,USA    ,26.4
18.0,4,121.0,76.0,72,2511,Germany,22.0
16.5,6,198.0,95.0,74,3102,USA    ,20.0
24.8,4,141.0,71.0,79,3190,France ,27.2
14.7,4,91.0,69.0,79,2130,Italy  ,37.3
14.5,4,88.0,76.0,71,2065,Italy  ,30.0
17.2,6,225.0,100.0,78,3430,USA    ,20.5
18.0,6,258.0,110.0,74,3632,USA    ,16.0
16.0,4,135.0,84.0,82,2525,USA    ,29.0
16.7,6,168.0,120.0,76,3820,Germany,16.5
14.3,8,351.0,142.0,79,4054,USA    ,15.5
14.0,8,307.0,130.0,72,4098,USA    ,13.0
16.0,6,200.0,85.0,70,2587,USA    ,21.0
13.9,8,304.0,120.0,76,3962,USA    ,15.5
11.5,8,400.0,175.0,71,4464,USA    ,14.0
16.5,6,225.0,105.0,73,3121,USA    ,18.0
15.5,4,79.0,67.0,74,1963,Germany,26.0
17.0,4,120.0,88.0,75,2957,France ,23.0
14.9,4,105.0,70.0,79,2150,USA    ,34.5
18.6,4,120.0,79.0,82,2625,USA    ,28.0
19.5,4,120.0,87.0,72,2979,France ,21.0
14.7,4,105.0,63.0,82,2125,USA    ,38.0
14.5,6,250.0,88.0,71,3139,USA    ,18.0
16.4,4,97.0,75.0,76,2155,Japan  ,28.0
8.5,8,390.0,190.0,70,3850,USA    ,15.0
15.0,4,113.0,95.0,70,2372,Japan  ,24.0
17.6,6,200.0,81.0,76,3012,USA    ,24.0
18.7,6,225.0,90.0,80,3381,USA    ,19.1
14.9,4,89.0,71.0,78,1990,Germany,31.5
18.2,4,97.0,75.0,77,2265,Japan  ,26.0
13.8,4,91.0,67.0,80,1850,Japan  ,44.6
12.5,8,305.0,145.0,77,3880,USA    ,17.5
12.0,8,400.0,175.0,72,4385,USA    ,14.0
13.5,8,318.0,210.0,70,4382,USA    ,11.0
16.9,4,79.0,58.0,81,1755,Japan  ,39.1
15.5,4,122.0,96.0,77,2300,USA    ,25.5
16.5,4,76.0,52.0,74,1649,Japan  ,31.0
15.0,6,231.0,110.0,75,3039,USA    ,21.0
15.5,8,260.0,110.0,78,3365,USA    ,19.9
18.0,4,96.0,69.0,72,2189,France ,26.0
21.9,4,120.0,88.0,76,3270,France ,19.0
15.8,4,97.0,78.0,80,2188,Germany,34.3
11.5,8,429.0,198.0,73,4952,USA    ,12.0
16.4,4,91.0,60.0,78,1800,Japan  ,36.1
12.5,8,318.0,150.0,73,3777,USA    ,15.0
16.6,4,98.0,68.0,78,2135,Japan  ,29.5
12.8,8,302.0,139.0,78,3570,USA    ,20.2
13.5,8,351.0,148.0,75,4657,USA    ,14.0
17.7,4,98.0,79.0,76,2255,USA    ,26.0
12.8,4,121.0,110.0,77,2600,Germany,21.5
14.5,4,90.0,75.0,74,2125,USA    ,28.0
13.5,6,156.0,122.0,73,2807,Japan  ,20.0
11.0,8,455.0,225.0,73,4951,USA    ,12.0
15.5,8,304.0,150.0,74,4257,USA    ,14.0
15.2,4,86.0,65.0,79,1975,Japan  ,34.1
19.4,4,119.0,82.0,82,2720,USA    ,31.0
15.8,6,163.0,133.0,78,3410,France ,16.2
12.1,8,350.0,180.0,76,4380,USA    ,16.5
19.2,6,231.0,105.0,78,3535,USA    ,19.2
12.5,4,121.0,113.0,70,2234,Germany,26.0
14.9,4,140.0,92.0,76,2572,USA    ,25.0
23.5,4,97.0,54.0,72,2254,Germany,23.0
15.9,5,131.0,103.0,78,2830,Germany,20.3
14.5,4,121.0,98.0,75,2945,Sweden ,22.0
18.6,4,112.0,88.0,82,2640,USA    ,27.0
13.5,4,121.0,115.0,75,2671,Sweden ,25.0
